"paper_id","total_extracted","judge_n_correct","judge_n_hallucinated","judge_n_mismatch","judge_n_wrong","judge_n_incomplete","judge_n_corrected","judge_accuracy"
"PXD073162","18","14","1","1","2","1","1","0.7778"
